1 8 2 6 10 9 8 14
9.868680173596745 15.273100964182873 11.981445292066372 14.137734245362681 13.000470324661961 15.519355476907235 13.82873563867971 6.390477884542419
6.098290890050846 16.590929911796266 11.091632919947283 16.554456481245055 15.8552837289505 17.07912811546952 16.44544235411665 0.28483559842387346
7.62328532781436 15.580349658494344 8.218171773150548 10.503128105839311 22.247657061502437 15.994774717649646 19.832633355549344 0.0
6.756342398290514 11.461538143665923 11.645142201282404 7.531278702155822 22.98476933230516 17.38015260056869 22.240776621731488 0.0
4.392162758438464 8.040552794943542 13.870437100279473 6.359288203111438 21.995335249487475 16.42396392305477 28.918259970684844 0.0
3.249956865556717 7.890694066921007 13.28894584564515 0.6856897474908743 26.157869568914233 17.898829084467085 30.828014821004924 0.0
0.0 4.459822231358435 9.345207669453638 0.0 37.41255298303459 18.436308489867468 30.34610862628588 0.0
0.0 0.0 2.5748394693733587 0.0 43.557518687095914 20.21593990289144 33.65170194063929 0.0
0.0 0.0 0.0 0.0 45.51273229086411 13.154264742665708 41.3330029664702 0.0
0.0 0.0 0.0 0.0 43.18423390984542 11.18486011853434 45.63090597162024 0.0
0.0 0.0 0.0 0.0 44.201831664922594 8.00798330672403 47.79018502835336 0.0
0.0 0.0 0.0 0.0 44.76820966005078 4.67699713272599 50.55479320722323 0.0
0.0 0.0 0.0 0.0 43.65173553669053 0.0 56.34826446330946 0.0
0.0 0.0 0.0 0.0 41.90649546513955 0.0 58.093504534860465 0.0
0.0 0.0 0.0 0.0 42.29892727433068 0.0 57.70107272566932 0.0
0.0 0.0 0.0 0.0 33.9936300516926 0.0 66.0063699483074 0.0
0.0 0.0 0.0 0.0 30.46167578193884 0.0 69.53832421806116 0.0
0.0 0.0 0.0 0.0 27.72618855662916 0.0 72.27381144337083 0.0
0.0 0.0 0.0 0.0 25.617329096338732 0.0 74.38267090366128 0.0
0.0 0.0 0.0 0.0 21.633117951118173 0.0 78.36688204888182 0.0
0.0 0.0 0.0 0.0 13.359016768249205 0.0 86.6409832317508 0.0
0.0 0.0 0.0 0.0 10.849145939332901 0.0 89.1508540606671 0.0
0.0 0.0 0.0 0.0 4.604804043883146 0.0 95.39519595611685 0.0
0.0 0.0 0.0 0.0 0.0 0.0 100.0 0.0
0.0 0.0 0.0 0.0 0.0 0.0 100.0 0.0
0.0 0.0 0.0 0.0 0.0 0.0 100.0 0.0
0.0 0.0 0.0 0.0 0.0 0.0 100.0 0.0
0.0 0.0 0.0 0.0 0.0 0.0 100.0 0.0
0.0 0.0 0.0 0.0 0.0 0.0 100.0 0.0
0.0 0.0 0.0 0.0 0.0 0.0 100.0 0.0
0.0 0.0 0.0 0.0 0.0 0.0 100.0 0.0
0.0 0.0 0.0 0.0 0.0 0.0 100.0 0.0
0.0 0.0 0.0 0.0 0.0 0.0 100.0 0.0
0.0 0.0 0.0 0.0 0.0 0.0 100.0 0.0
0.0 0.0 0.0 0.0 0.0 0.0 100.0 0.0
0.0 0.0 0.0 0.0 0.0 0.0 100.0 0.0
0.0 0.0 0.0 0.0 0.0 0.0 100.0 0.0
0.0 0.0 0.0 0.0 0.0 0.0 100.0 0.0
0.0 0.0 0.0 0.0 0.0 0.0 100.0 0.0
0.0 0.0 0.0 0.0 0.0 0.0 100.0 0.0
0.0 0.0 0.0 0.0 0.0 0.0 100.0 0.0
0.0 0.0 0.0 0.0 0.0 0.0 100.0 0.0
0.0 0.0 0.0 0.0 0.0 0.0 100.0 0.0
0.0 0.0 0.0 0.0 0.0 0.0 100.0 0.0
0.0 0.0 0.0 0.0 0.0 0.0 100.0 0.0
0.0 0.0 0.0 0.0 0.0 0.0 100.0 0.0
0.0 0.0 0.0 0.0 0.0 0.0 100.0 0.0
0.0 0.0 0.0 0.0 0.0 0.0 100.0 0.0
0.0 0.0 0.0 0.0 0.0 0.0 100.0 0.0
0.0 0.0 0.0 0.0 0.0 0.0 100.0 0.0
0.0 0.0 0.0 0.0 0.0 0.0 100.0 0.0
0.0 0.0 0.0 0.0 0.0 0.0 100.0 0.0
0.0 0.0 0.0 0.0 0.0 0.0 100.0 0.0
0.0 0.0 0.0 0.0 0.0 0.0 100.0 0.0
0.0 0.0 0.0 0.0 0.0 0.0 100.0 0.0
0.0 0.0 0.0 0.0 0.0 0.0 100.0 0.0
0.0 0.0 0.0 0.0 0.0 0.0 100.0 0.0
0.0 0.0 0.0 0.0 0.0 0.0 100.0 0.0
0.0 0.0 0.0 0.0 0.0 0.0 100.0 0.0
0.0 0.0 0.0 0.0 0.0 0.0 100.0 0.0
0.0 0.0 0.0 0.0 0.0 0.0 100.0 0.0
0.0 0.0 0.0 0.0 0.0 0.0 100.0 0.0
0.0 0.0 0.0 0.0 0.0 0.0 100.0 0.0
0.0 0.0 0.0 0.0 0.0 0.0 100.0 0.0
0.0 0.0 0.0 0.0 0.0 0.0 100.0 0.0
0.0 0.0 0.0 0.0 0.0 0.0 100.0 0.0
0.0 0.0 0.0 0.0 0.0 0.0 100.0 0.0
0.0 0.0 0.0 0.0 0.0 0.0 100.0 0.0
0.0 0.0 0.0 0.0 0.0 0.0 100.0 0.0
0.0 0.0 0.0 0.0 0.0 0.0 100.0 0.0
0.0 0.0 0.0 0.0 0.0 0.0 100.0 0.0
0.0 0.0 0.0 0.0 0.0 0.0 100.0 0.0
0.0 0.0 0.0 0.0 0.0 0.0 100.0 0.0
0.0 0.0 0.0 0.0 0.0 0.0 100.0 0.0
0.0 0.0 0.0 0.0 0.0 0.0 100.0 0.0
0.0 0.0 0.0 0.0 0.0 0.0 100.0 0.0
0.0 0.0 0.0 0.0 0.0 0.0 100.0 0.0
0.0 0.0 0.0 0.0 0.0 0.0 100.0 0.0
0.0 0.0 0.0 0.0 0.0 0.0 100.0 0.0
0.0 0.0 0.0 0.0 0.0 0.0 100.0 0.0
0.0 0.0 0.0 0.0 0.0 0.0 100.0 0.0
0.0 0.0 0.0 0.0 0.0 0.0 100.0 0.0
0.0 0.0 0.0 0.0 0.0 0.0 100.0 0.0
0.0 0.0 0.0 0.0 0.0 0.0 100.0 0.0
0.0 0.0 0.0 0.0 0.0 0.0 100.0 0.0
0.0 0.0 0.0 0.0 0.0 0.0 100.0 0.0
0.0 0.0 0.0 0.0 0.0 0.0 100.0 0.0
0.0 0.0 0.0 0.0 0.0 0.0 100.0 0.0
0.0 0.0 0.0 0.0 0.0 0.0 100.0 0.0
0.0 0.0 0.0 0.0 0.0 0.0 100.0 0.0
0.0 0.0 0.0 0.0 0.0 0.0 100.0 0.0
0.0 0.0 0.0 0.0 0.0 0.0 100.0 0.0
0.0 0.0 0.0 0.0 0.0 0.0 100.0 0.0
0.0 0.0 0.0 0.0 0.0 0.0 100.0 0.0
0.0 0.0 0.0 0.0 0.0 0.0 100.0 0.0
0.0 0.0 0.0 0.0 0.0 0.0 100.0 0.0
0.0 0.0 0.0 0.0 0.0 0.0 100.0 0.0
0.0 0.0 0.0 0.0 0.0 0.0 100.0 0.0
0.0 0.0 0.0 0.0 0.0 0.0 100.0 0.0
0.0 0.0 0.0 0.0 0.0 0.0 100.0 0.0
0.0 0.0 0.0 0.0 0.0 0.0 100.0 0.0
0.0 0.0 0.0 0.0 0.0 0.0 100.0 0.0
0.0 0.0 0.0 0.0 0.0 0.0 100.0 0.0
0.0 0.0 0.0 0.0 0.0 0.0 100.0 0.0
0.0 0.0 0.0 0.0 0.0 0.0 100.0 0.0
0.0 0.0 0.0 0.0 0.0 0.0 100.0 0.0
0.0 0.0 0.0 0.0 0.0 0.0 100.0 0.0
0.0 0.0 0.0 0.0 0.0 0.0 100.0 0.0
0.0 0.0 0.0 0.0 0.0 0.0 100.0 0.0
0.0 0.0 0.0 0.0 0.0 0.0 100.0 0.0
0.0 0.0 0.0 0.0 0.0 0.0 100.0 0.0
0.0 0.0 0.0 0.0 0.0 0.0 100.0 0.0
0.0 0.0 0.0 0.0 0.0 0.0 100.0 0.0
0.0 0.0 0.0 0.0 0.0 0.0 100.0 0.0
0.0 0.0 0.0 0.0 0.0 0.0 100.0 0.0
0.0 0.0 0.0 0.0 0.0 0.0 100.0 0.0
0.0 0.0 0.0 0.0 0.0 0.0 100.0 0.0
0.0 0.0 0.0 0.0 0.0 0.0 100.0 0.0
0.0 0.0 0.0 0.0 0.0 0.0 100.0 0.0
0.0 0.0 0.0 0.0 0.0 0.0 100.0 0.0
0.0 0.0 0.0 0.0 0.0 0.0 100.0 0.0
0.0 0.0 0.0 0.0 0.0 0.0 100.0 0.0
0.0 0.0 0.0 0.0 0.0 0.0 100.0 0.0
0.0 0.0 0.0 0.0 0.0 0.0 100.0 0.0
0.0 0.0 0.0 0.0 0.0 0.0 100.0 0.0
0.0 0.0 0.0 0.0 0.0 0.0 100.0 0.0
0.0 0.0 0.0 0.0 0.0 0.0 100.0 0.0
0.0 0.0 0.0 0.0 0.0 0.0 100.0 0.0
0.0 0.0 0.0 0.0 0.0 0.0 100.0 0.0
0.0 0.0 0.0 0.0 0.0 0.0 100.0 0.0
0.0 0.0 0.0 0.0 0.0 0.0 100.0 0.0
0.0 0.0 0.0 0.0 0.0 0.0 100.0 0.0
0.0 0.0 0.0 0.0 0.0 0.0 100.0 0.0
0.0 0.0 0.0 0.0 0.0 0.0 100.0 0.0
0.0 0.0 0.0 0.0 0.0 0.0 100.0 0.0
0.0 0.0 0.0 0.0 0.0 0.0 100.0 0.0
0.0 0.0 0.0 0.0 0.0 0.0 100.0 0.0
0.0 0.0 0.0 0.0 0.0 0.0 100.0 0.0
0.0 0.0 0.0 0.0 0.0 0.0 100.0 0.0
0.0 0.0 0.0 0.0 0.0 0.0 100.0 0.0
0.0 0.0 0.0 0.0 0.0 0.0 100.0 0.0
0.0 0.0 0.0 0.0 0.0 0.0 100.0 0.0
0.0 0.0 0.0 0.0 0.0 0.0 100.0 0.0
0.0 0.0 0.0 0.0 0.0 0.0 100.0 0.0
0.0 0.0 0.0 0.0 0.0 0.0 100.0 0.0
0.0 0.0 0.0 0.0 0.0 0.0 100.0 0.0
0.0 0.0 0.0 0.0 0.0 0.0 100.0 0.0
0.0 0.0 0.0 0.0 0.0 0.0 100.0 0.0
0.0 0.0 0.0 0.0 0.0 0.0 100.0 0.0
0.0 0.0 0.0 0.0 0.0 0.0 100.0 0.0
0.0 0.0 0.0 0.0 0.0 0.0 100.0 0.0
0.0 0.0 0.0 0.0 0.0 0.0 100.0 0.0
0.0 0.0 0.0 0.0 0.0 0.0 100.0 0.0
0.0 0.0 0.0 0.0 0.0 0.0 100.0 0.0
0.0 0.0 0.0 0.0 0.0 0.0 100.0 0.0
0.0 0.0 0.0 0.0 0.0 0.0 100.0 0.0
0.0 0.0 0.0 0.0 0.0 0.0 100.0 0.0
0.0 0.0 0.0 0.0 0.0 0.0 100.0 0.0
0.0 0.0 0.0 0.0 0.0 0.0 100.0 0.0
0.0 0.0 0.0 0.0 0.0 0.0 100.0 0.0
0.0 0.0 0.0 0.0 0.0 0.0 100.0 0.0
0.0 0.0 0.0 0.0 0.0 0.0 100.0 0.0
0.0 0.0 0.0 0.0 0.0 0.0 100.0 0.0
0.0 0.0 0.0 0.0 0.0 0.0 100.0 0.0
0.0 0.0 0.0 0.0 0.0 0.0 100.0 0.0
0.0 0.0 0.0 0.0 0.0 0.0 100.0 0.0
0.0 0.0 0.0 0.0 0.0 0.0 100.0 0.0
0.0 0.0 0.0 0.0 0.0 0.0 100.0 0.0
0.0 0.0 0.0 0.0 0.0 0.0 100.0 0.0
0.0 0.0 0.0 0.0 0.0 0.0 100.0 0.0
0.0 0.0 0.0 0.0 0.0 0.0 100.0 0.0
0.0 0.0 0.0 0.0 0.0 0.0 100.0 0.0
0.0 0.0 0.0 0.0 0.0 0.0 100.0 0.0
0.0 0.0 0.0 0.0 0.0 0.0 100.0 0.0
0.0 0.0 0.0 0.0 0.0 0.0 100.0 0.0
0.0 0.0 0.0 0.0 0.0 0.0 100.0 0.0
0.0 0.0 0.0 0.0 0.0 0.0 100.0 0.0
0.0 0.0 0.0 0.0 0.0 0.0 100.0 0.0
0.0 0.0 0.0 0.0 0.0 0.0 100.0 0.0
0.0 0.0 0.0 0.0 0.0 0.0 100.0 0.0
0.0 0.0 0.0 0.0 0.0 0.0 100.0 0.0
0.0 0.0 0.0 0.0 0.0 0.0 100.0 0.0
0.0 0.0 0.0 0.0 0.0 0.0 100.0 0.0
0.0 0.0 0.0 0.0 0.0 0.0 100.0 0.0
0.0 0.0 0.0 0.0 0.0 0.0 100.0 0.0
0.0 0.0 0.0 0.0 0.0 0.0 100.0 0.0
0.0 0.0 0.0 0.0 0.0 0.0 100.0 0.0
0.0 0.0 0.0 0.0 0.0 0.0 100.0 0.0
0.0 0.0 0.0 0.0 0.0 0.0 100.0 0.0
0.0 0.0 0.0 0.0 0.0 0.0 100.0 0.0
0.0 0.0 0.0 0.0 0.0 0.0 100.0 0.0
0.0 0.0 0.0 0.0 0.0 0.0 100.0 0.0
0.0 0.0 0.0 0.0 0.0 0.0 100.0 0.0
0.0 0.0 0.0 0.0 0.0 0.0 100.0 0.0
0.0 0.0 0.0 0.0 0.0 0.0 100.0 0.0
0.0 0.0 0.0 0.0 0.0 0.0 100.0 0.0
0.0 0.0 0.0 0.0 0.0 0.0 100.0 0.0
0.0 0.0 0.0 0.0 0.0 0.0 100.0 0.0
0.0 0.0 0.0 0.0 0.0 0.0 100.0 0.0
0.0 0.0 0.0 0.0 0.0 0.0 100.0 0.0
0.0 0.0 0.0 0.0 0.0 0.0 100.0 0.0
0.0 0.0 0.0 0.0 0.0 0.0 100.0 0.0
0.0 0.0 0.0 0.0 0.0 0.0 100.0 0.0
0.0 0.0 0.0 0.0 0.0 0.0 100.0 0.0
0.0 0.0 0.0 0.0 0.0 0.0 100.0 0.0
0.0 0.0 0.0 0.0 0.0 0.0 100.0 0.0
0.0 0.0 0.0 0.0 0.0 0.0 100.0 0.0
0.0 0.0 0.0 0.0 0.0 0.0 100.0 0.0
0.0 0.0 0.0 0.0 0.0 0.0 100.0 0.0
0.0 0.0 0.0 0.0 0.0 0.0 100.0 0.0
0.0 0.0 0.0 0.0 0.0 0.0 100.0 0.0
0.0 0.0 0.0 0.0 0.0 0.0 100.0 0.0
0.0 0.0 0.0 0.0 0.0 0.0 100.0 0.0
0.0 0.0 0.0 0.0 0.0 0.0 100.0 0.0
0.0 0.0 0.0 0.0 0.0 0.0 100.0 0.0
0.0 0.0 0.0 0.0 0.0 0.0 100.0 0.0
0.0 0.0 0.0 0.0 0.0 0.0 100.0 0.0
0.0 0.0 0.0 0.0 0.0 0.0 100.0 0.0
0.0 0.0 0.0 0.0 0.0 0.0 100.0 0.0
0.0 0.0 0.0 0.0 0.0 0.0 100.0 0.0
0.0 0.0 0.0 0.0 0.0 0.0 100.0 0.0
0.0 0.0 0.0 0.0 0.0 0.0 100.0 0.0
0.0 0.0 0.0 0.0 0.0 0.0 100.0 0.0
0.0 0.0 0.0 0.0 0.0 0.0 100.0 0.0
0.0 0.0 0.0 0.0 0.0 0.0 100.0 0.0
0.0 0.0 0.0 0.0 0.0 0.0 100.0 0.0
0.0 0.0 0.0 0.0 0.0 0.0 100.0 0.0
0.0 0.0 0.0 0.0 0.0 0.0 100.0 0.0
0.0 0.0 0.0 0.0 0.0 0.0 100.0 0.0
0.0 0.0 0.0 0.0 0.0 0.0 100.0 0.0
0.0 0.0 0.0 0.0 0.0 0.0 100.0 0.0
0.0 0.0 0.0 0.0 0.0 0.0 100.0 0.0
0.0 0.0 0.0 0.0 0.0 0.0 100.0 0.0
0.0 0.0 0.0 0.0 0.0 0.0 100.0 0.0
0.0 0.0 0.0 0.0 0.0 0.0 100.0 0.0
0.0 0.0 0.0 0.0 0.0 0.0 100.0 0.0
0.0 0.0 0.0 0.0 0.0 0.0 100.0 0.0
0.0 0.0 0.0 0.0 0.0 0.0 100.0 0.0
0.0 0.0 0.0 0.0 0.0 0.0 100.0 0.0
0.0 0.0 0.0 0.0 0.0 0.0 100.0 0.0
0.0 0.0 0.0 0.0 0.0 0.0 100.0 0.0
0.0 0.0 0.0 0.0 0.0 0.0 100.0 0.0
0.0 0.0 0.0 0.0 0.0 0.0 100.0 0.0
0.0 0.0 0.0 0.0 0.0 0.0 100.0 0.0
0.0 0.0 0.0 0.0 0.0 0.0 100.0 0.0
0.0 0.0 0.0 0.0 0.0 0.0 100.0 0.0
0.0 0.0 0.0 0.0 0.0 0.0 100.0 0.0
0.0 0.0 0.0 0.0 0.0 0.0 100.0 0.0
0.0 0.0 0.0 0.0 0.0 0.0 100.0 0.0
0.0 0.0 0.0 0.0 0.0 0.0 100.0 0.0
0.0 0.0 0.0 0.0 0.0 0.0 100.0 0.0
0.0 0.0 0.0 0.0 0.0 0.0 100.0 0.0
0.0 0.0 0.0 0.0 0.0 0.0 100.0 0.0
0.0 0.0 0.0 0.0 0.0 0.0 100.0 0.0
0.0 0.0 0.0 0.0 0.0 0.0 100.0 0.0
0.0 0.0 0.0 0.0 0.0 0.0 100.0 0.0
0.0 0.0 0.0 0.0 0.0 0.0 100.0 0.0
0.0 0.0 0.0 0.0 0.0 0.0 100.0 0.0
0.0 0.0 0.0 0.0 0.0 0.0 100.0 0.0
0.0 0.0 0.0 0.0 0.0 0.0 100.0 0.0
0.0 0.0 0.0 0.0 0.0 0.0 100.0 0.0
0.0 0.0 0.0 0.0 0.0 0.0 100.0 0.0
0.0 0.0 0.0 0.0 0.0 0.0 100.0 0.0
0.0 0.0 0.0 0.0 0.0 0.0 100.0 0.0
0.0 0.0 0.0 0.0 0.0 0.0 100.0 0.0
0.0 0.0 0.0 0.0 0.0 0.0 100.0 0.0
0.0 0.0 0.0 0.0 0.0 0.0 100.0 0.0
0.0 0.0 0.0 0.0 0.0 0.0 100.0 0.0
0.0 0.0 0.0 0.0 0.0 0.0 100.0 0.0
0.0 0.0 0.0 0.0 0.0 0.0 100.0 0.0
0.0 0.0 0.0 0.0 0.0 0.0 100.0 0.0
0.0 0.0 0.0 0.0 0.0 0.0 100.0 0.0
0.0 0.0 0.0 0.0 0.0 0.0 100.0 0.0
0.0 0.0 0.0 0.0 0.0 0.0 100.0 0.0
0.0 0.0 0.0 0.0 0.0 0.0 100.0 0.0
0.0 0.0 0.0 0.0 0.0 0.0 100.0 0.0
0.0 0.0 0.0 0.0 0.0 0.0 100.0 0.0
0.0 0.0 0.0 0.0 0.0 0.0 100.0 0.0
0.0 0.0 0.0 0.0 0.0 0.0 100.0 0.0
0.0 0.0 0.0 0.0 0.0 0.0 100.0 0.0
0.0 0.0 0.0 0.0 0.0 0.0 100.0 0.0
0.0 0.0 0.0 0.0 0.0 0.0 100.0 0.0
0.0 0.0 0.0 0.0 0.0 0.0 100.0 0.0
0.0 0.0 0.0 0.0 0.0 0.0 100.0 0.0
0.0 0.0 0.0 0.0 0.0 0.0 100.0 0.0
0.0 0.0 0.0 0.0 0.0 0.0 100.0 0.0
0.0 0.0 0.0 0.0 0.0 0.0 100.0 0.0
0.0 0.0 0.0 0.0 0.0 0.0 100.0 0.0
0.0 0.0 0.0 0.0 0.0 0.0 100.0 0.0
0.0 0.0 0.0 0.0 0.0 0.0 100.0 0.0
0.0 0.0 0.0 0.0 0.0 0.0 100.0 0.0
0.0 0.0 0.0 0.0 0.0 0.0 100.0 0.0
0.0 0.0 0.0 0.0 0.0 0.0 100.0 0.0
0.0 0.0 0.0 0.0 0.0 0.0 100.0 0.0
0.0 0.0 0.0 0.0 0.0 0.0 100.0 0.0
0.0 0.0 0.0 0.0 0.0 0.0 100.0 0.0
0.0 0.0 0.0 0.0 0.0 0.0 100.0 0.0
0.0 0.0 0.0 0.0 0.0 0.0 100.0 0.0
0.0 0.0 0.0 0.0 0.0 0.0 100.0 0.0
0.0 0.0 0.0 0.0 0.0 0.0 100.0 0.0
0.0 0.0 0.0 0.0 0.0 0.0 100.0 0.0
0.0 0.0 0.0 0.0 0.0 0.0 100.0 0.0
0.0 0.0 0.0 0.0 0.0 0.0 100.0 0.0
0.0 0.0 0.0 0.0 0.0 0.0 100.0 0.0
0.0 0.0 0.0 0.0 0.0 0.0 100.0 0.0
0.0 0.0 0.0 0.0 0.0 0.0 100.0 0.0
0.0 0.0 0.0 0.0 0.0 0.0 100.0 0.0
0.0 0.0 0.0 0.0 0.0 0.0 100.0 0.0
0.0 0.0 0.0 0.0 0.0 0.0 100.0 0.0
0.0 0.0 0.0 0.0 0.0 0.0 100.0 0.0
0.0 0.0 0.0 0.0 0.0 0.0 100.0 0.0
0.0 0.0 0.0 0.0 0.0 0.0 100.0 0.0
0.0 0.0 0.0 0.0 0.0 0.0 100.0 0.0
0.0 0.0 0.0 0.0 0.0 0.0 100.0 0.0
0.0 0.0 0.0 0.0 0.0 0.0 100.0 0.0
0.0 0.0 0.0 0.0 0.0 0.0 100.0 0.0
0.0 0.0 0.0 0.0 0.0 0.0 100.0 0.0
0.0 0.0 0.0 0.0 0.0 0.0 100.0 0.0
0.0 0.0 0.0 0.0 0.0 0.0 100.0 0.0
0.0 0.0 0.0 0.0 0.0 0.0 100.0 0.0
0.0 0.0 0.0 0.0 0.0 0.0 100.0 0.0
0.0 0.0 0.0 0.0 0.0 0.0 100.0 0.0
0.0 0.0 0.0 0.0 0.0 0.0 100.0 0.0
0.0 0.0 0.0 0.0 0.0 0.0 100.0 0.0
0.0 0.0 0.0 0.0 0.0 0.0 100.0 0.0
0.0 0.0 0.0 0.0 0.0 0.0 100.0 0.0
0.0 0.0 0.0 0.0 0.0 0.0 100.0 0.0
0.0 0.0 0.0 0.0 0.0 0.0 100.0 0.0
0.0 0.0 0.0 0.0 0.0 0.0 100.0 0.0
0.0 0.0 0.0 0.0 0.0 0.0 100.0 0.0
0.0 0.0 0.0 0.0 0.0 0.0 100.0 0.0
0.0 0.0 0.0 0.0 0.0 0.0 100.0 0.0
0.0 0.0 0.0 0.0 0.0 0.0 100.0 0.0
0.0 0.0 0.0 0.0 0.0 0.0 100.0 0.0
0.0 0.0 0.0 0.0 0.0 0.0 100.0 0.0
0.0 0.0 0.0 0.0 0.0 0.0 100.0 0.0
0.0 0.0 0.0 0.0 0.0 0.0 100.0 0.0
0.0 0.0 0.0 0.0 0.0 0.0 100.0 0.0
0.0 0.0 0.0 0.0 0.0 0.0 100.0 0.0
0.0 0.0 0.0 0.0 0.0 0.0 100.0 0.0
0.0 0.0 0.0 0.0 0.0 0.0 100.0 0.0
0.0 0.0 0.0 0.0 0.0 0.0 100.0 0.0
0.0 0.0 0.0 0.0 0.0 0.0 100.0 0.0
0.0 0.0 0.0 0.0 0.0 0.0 100.0 0.0
0.0 0.0 0.0 0.0 0.0 0.0 100.0 0.0
0.0 0.0 0.0 0.0 0.0 0.0 100.0 0.0
0.0 0.0 0.0 0.0 0.0 0.0 100.0 0.0
0.0 0.0 0.0 0.0 0.0 0.0 100.0 0.0
0.0 0.0 0.0 0.0 0.0 0.0 100.0 0.0
0.0 0.0 0.0 0.0 0.0 0.0 100.0 0.0
0.0 0.0 0.0 0.0 0.0 0.0 100.0 0.0
0.0 0.0 0.0 0.0 0.0 0.0 100.0 0.0
0.0 0.0 0.0 0.0 0.0 0.0 100.0 0.0
0.0 0.0 0.0 0.0 0.0 0.0 100.0 0.0
0.0 0.0 0.0 0.0 0.0 0.0 100.0 0.0
0.0 0.0 0.0 0.0 0.0 0.0 100.0 0.0
0.0 0.0 0.0 0.0 0.0 0.0 100.0 0.0
0.0 0.0 0.0 0.0 0.0 0.0 100.0 0.0
0.0 0.0 0.0 0.0 0.0 0.0 100.0 0.0
0.0 0.0 0.0 0.0 0.0 0.0 100.0 0.0
0.0 0.0 0.0 0.0 0.0 0.0 100.0 0.0
0.0 0.0 0.0 0.0 0.0 0.0 100.0 0.0
0.0 0.0 0.0 0.0 0.0 0.0 100.0 0.0
0.0 0.0 0.0 0.0 0.0 0.0 100.0 0.0
0.0 0.0 0.0 0.0 0.0 0.0 100.0 0.0
0.0 0.0 0.0 0.0 0.0 0.0 100.0 0.0
0.0 0.0 0.0 0.0 0.0 0.0 100.0 0.0
0.0 0.0 0.0 0.0 0.0 0.0 100.0 0.0
0.0 0.0 0.0 0.0 0.0 0.0 100.0 0.0
0.0 0.0 0.0 0.0 0.0 0.0 100.0 0.0
0.0 0.0 0.0 0.0 0.0 0.0 100.0 0.0
0.0 0.0 0.0 0.0 0.0 0.0 100.0 0.0
0.0 0.0 0.0 0.0 0.0 0.0 100.0 0.0
0.0 0.0 0.0 0.0 0.0 0.0 100.0 0.0
0.0 0.0 0.0 0.0 0.0 0.0 100.0 0.0
0.0 0.0 0.0 0.0 0.0 0.0 100.0 0.0
0.0 0.0 0.0 0.0 0.0 0.0 100.0 0.0
0.0 0.0 0.0 0.0 0.0 0.0 100.0 0.0
0.0 0.0 0.0 0.0 0.0 0.0 100.0 0.0
0.0 0.0 0.0 0.0 0.0 0.0 100.0 0.0
0.0 0.0 0.0 0.0 0.0 0.0 100.0 0.0
0.0 0.0 0.0 0.0 0.0 0.0 100.0 0.0
0.0 0.0 0.0 0.0 0.0 0.0 100.0 0.0
0.0 0.0 0.0 0.0 0.0 0.0 100.0 0.0
0.0 0.0 0.0 0.0 0.0 0.0 100.0 0.0
0.0 0.0 0.0 0.0 0.0 0.0 100.0 0.0
0.0 0.0 0.0 0.0 0.0 0.0 100.0 0.0
0.0 0.0 0.0 0.0 0.0 0.0 100.0 0.0
0.0 0.0 0.0 0.0 0.0 0.0 100.0 0.0
0.0 0.0 0.0 0.0 0.0 0.0 100.0 0.0
0.0 0.0 0.0 0.0 0.0 0.0 100.0 0.0
0.0 0.0 0.0 0.0 0.0 0.0 100.0 0.0
0.0 0.0 0.0 0.0 0.0 0.0 100.0 0.0
0.0 0.0 0.0 0.0 0.0 0.0 100.0 0.0
0.0 0.0 0.0 0.0 0.0 0.0 100.0 0.0
0.0 0.0 0.0 0.0 0.0 0.0 100.0 0.0
0.0 0.0 0.0 0.0 0.0 0.0 100.0 0.0
0.0 0.0 0.0 0.0 0.0 0.0 100.0 0.0
0.0 0.0 0.0 0.0 0.0 0.0 100.0 0.0
0.0 0.0 0.0 0.0 0.0 0.0 100.0 0.0
0.0 0.0 0.0 0.0 0.0 0.0 100.0 0.0
0.0 0.0 0.0 0.0 0.0 0.0 100.0 0.0
0.0 0.0 0.0 0.0 0.0 0.0 100.0 0.0
0.0 0.0 0.0 0.0 0.0 0.0 100.0 0.0
0.0 0.0 0.0 0.0 0.0 0.0 100.0 0.0
0.0 0.0 0.0 0.0 0.0 0.0 100.0 0.0
0.0 0.0 0.0 0.0 0.0 0.0 100.0 0.0
0.0 0.0 0.0 0.0 0.0 0.0 100.0 0.0
0.0 0.0 0.0 0.0 0.0 0.0 100.0 0.0
0.0 0.0 0.0 0.0 0.0 0.0 100.0 0.0
0.0 0.0 0.0 0.0 0.0 0.0 100.0 0.0
0.0 0.0 0.0 0.0 0.0 0.0 100.0 0.0
0.0 0.0 0.0 0.0 0.0 0.0 100.0 0.0
0.0 0.0 0.0 0.0 0.0 0.0 100.0 0.0
0.0 0.0 0.0 0.0 0.0 0.0 100.0 0.0
0.0 0.0 0.0 0.0 0.0 0.0 100.0 0.0
0.0 0.0 0.0 0.0 0.0 0.0 100.0 0.0
0.0 0.0 0.0 0.0 0.0 0.0 100.0 0.0
0.0 0.0 0.0 0.0 0.0 0.0 100.0 0.0
0.0 0.0 0.0 0.0 0.0 0.0 100.0 0.0
0.0 0.0 0.0 0.0 0.0 0.0 100.0 0.0
0.0 0.0 0.0 0.0 0.0 0.0 100.0 0.0
0.0 0.0 0.0 0.0 0.0 0.0 100.0 0.0
0.0 0.0 0.0 0.0 0.0 0.0 100.0 0.0
0.0 0.0 0.0 0.0 0.0 0.0 100.0 0.0
0.0 0.0 0.0 0.0 0.0 0.0 100.0 0.0
0.0 0.0 0.0 0.0 0.0 0.0 100.0 0.0
0.0 0.0 0.0 0.0 0.0 0.0 100.0 0.0
0.0 0.0 0.0 0.0 0.0 0.0 100.0 0.0
0.0 0.0 0.0 0.0 0.0 0.0 100.0 0.0
0.0 0.0 0.0 0.0 0.0 0.0 100.0 0.0
0.0 0.0 0.0 0.0 0.0 0.0 100.0 0.0
0.0 0.0 0.0 0.0 0.0 0.0 100.0 0.0
0.0 0.0 0.0 0.0 0.0 0.0 100.0 0.0
0.0 0.0 0.0 0.0 0.0 0.0 100.0 0.0
0.0 0.0 0.0 0.0 0.0 0.0 100.0 0.0
0.0 0.0 0.0 0.0 0.0 0.0 100.0 0.0
0.0 0.0 0.0 0.0 0.0 0.0 100.0 0.0
0.0 0.0 0.0 0.0 0.0 0.0 100.0 0.0
0.0 0.0 0.0 0.0 0.0 0.0 100.0 0.0
0.0 0.0 0.0 0.0 0.0 0.0 100.0 0.0
0.0 0.0 0.0 0.0 0.0 0.0 100.0 0.0
0.0 0.0 0.0 0.0 0.0 0.0 100.0 0.0
0.0 0.0 0.0 0.0 0.0 0.0 100.0 0.0
0.0 0.0 0.0 0.0 0.0 0.0 100.0 0.0
0.0 0.0 0.0 0.0 0.0 0.0 100.0 0.0
0.0 0.0 0.0 0.0 0.0 0.0 100.0 0.0
0.0 0.0 0.0 0.0 0.0 0.0 100.0 0.0
0.0 0.0 0.0 0.0 0.0 0.0 100.0 0.0
0.0 0.0 0.0 0.0 0.0 0.0 100.0 0.0
0.0 0.0 0.0 0.0 0.0 0.0 100.0 0.0
0.0 0.0 0.0 0.0 0.0 0.0 100.0 0.0
0.0 0.0 0.0 0.0 0.0 0.0 100.0 0.0
0.0 0.0 0.0 0.0 0.0 0.0 100.0 0.0
0.0 0.0 0.0 0.0 0.0 0.0 100.0 0.0
0.0 0.0 0.0 0.0 0.0 0.0 100.0 0.0
0.0 0.0 0.0 0.0 0.0 0.0 100.0 0.0
0.0 0.0 0.0 0.0 0.0 0.0 100.0 0.0
0.0 0.0 0.0 0.0 0.0 0.0 100.0 0.0
0.0 0.0 0.0 0.0 0.0 0.0 100.0 0.0
0.0 0.0 0.0 0.0 0.0 0.0 100.0 0.0
0.0 0.0 0.0 0.0 0.0 0.0 100.0 0.0
0.0 0.0 0.0 0.0 0.0 0.0 100.0 0.0
0.0 0.0 0.0 0.0 0.0 0.0 100.0 0.0
0.0 0.0 0.0 0.0 0.0 0.0 100.0 0.0
0.0 0.0 0.0 0.0 0.0 0.0 100.0 0.0
0.0 0.0 0.0 0.0 0.0 0.0 100.0 0.0
0.0 0.0 0.0 0.0 0.0 0.0 100.0 0.0
0.0 0.0 0.0 0.0 0.0 0.0 100.0 0.0
0.0 0.0 0.0 0.0 0.0 0.0 100.0 0.0
0.0 0.0 0.0 0.0 0.0 0.0 100.0 0.0
0.0 0.0 0.0 0.0 0.0 0.0 100.0 0.0
0.0 0.0 0.0 0.0 0.0 0.0 100.0 0.0
0.0 0.0 0.0 0.0 0.0 0.0 100.0 0.0
0.0 0.0 0.0 0.0 0.0 0.0 100.0 0.0
0.0 0.0 0.0 0.0 0.0 0.0 100.0 0.0
0.0 0.0 0.0 0.0 0.0 0.0 100.0 0.0
0.0 0.0 0.0 0.0 0.0 0.0 100.0 0.0
0.0 0.0 0.0 0.0 0.0 0.0 100.0 0.0
0.0 0.0 0.0 0.0 0.0 0.0 100.0 0.0
0.0 0.0 0.0 0.0 0.0 0.0 100.0 0.0
0.0 0.0 0.0 0.0 0.0 0.0 100.0 0.0
0.0 0.0 0.0 0.0 0.0 0.0 100.0 0.0
0.0 0.0 0.0 0.0 0.0 0.0 100.0 0.0
0.0 0.0 0.0 0.0 0.0 0.0 100.0 0.0
0.0 0.0 0.0 0.0 0.0 0.0 100.0 0.0
0.0 0.0 0.0 0.0 0.0 0.0 100.0 0.0
0.0 0.0 0.0 0.0 0.0 0.0 100.0 0.0
0.0 0.0 0.0 0.0 0.0 0.0 100.0 0.0
0.0 0.0 0.0 0.0 0.0 0.0 100.0 0.0
0.0 0.0 0.0 0.0 0.0 0.0 100.0 0.0
0.0 0.0 0.0 0.0 0.0 0.0 100.0 0.0
0.0 0.0 0.0 0.0 0.0 0.0 100.0 0.0
0.0 0.0 0.0 0.0 0.0 0.0 100.0 0.0
0.0 0.0 0.0 0.0 0.0 0.0 100.0 0.0
0.0 0.0 0.0 0.0 0.0 0.0 100.0 0.0
0.0 0.0 0.0 0.0 0.0 0.0 100.0 0.0
0.0 0.0 0.0 0.0 0.0 0.0 100.0 0.0
0.0 0.0 0.0 0.0 0.0 0.0 100.0 0.0
0.0 0.0 0.0 0.0 0.0 0.0 100.0 0.0
